Player Move
0000000000
0000000000
0700000000
0000000000
0000000000
0000000000
0000000000
0000000000
0000000000
0000000000
Harder CPU Move
0000000000
0000000007
0000000000
0000000000
0000000000
0000000000
0000000000
0000000000
0000000000
0000000000
Player Move
0000000000
0000000000
0700000000
0000500000
0000000000
0000000000
0000000000
0000000000
0000000000
0000000000
Harder CPU Move
0000000000
0000000007
0000000000
0000000000
0000000000
0000000000
0000000007
0000000000
0000000000
0000000000
Player Move
0000000000
0000000000
0700700000
0000500000
0000000000
0000000000
0000000000
0000000000
0000000000
0000000000
Harder CPU Move
0000000000
0000000007
0000000000
0000000000
0000000000
0000000000
0000000007
0000070000
0000000000
0000000000
Player Move
0000000000
0000000000
0700700000
0000550000
0000000000
0000000000
0000000000
0000000000
0000000000
0000000000
Harder CPU Move
0000000000
0000000007
0000000000
0000000000
0000000000
0000070000
0000000007
0000070000
0000000000
0000000000
Player Move
0000000000
0000000000
0700700000
0005550000
0000000000
0000000000
0000000000
0000000000
0000000000
0000000000
Harder CPU Move
0000000000
0000000007
0000000000
0000000000
0000000000
0000070000
0000000007
0000070000
0000000000
0000070000
Player Move
0000000000
0000000000
0700700000
0005557000
0000000000
0000000000
0000000000
0000000000
0000000000
0000000000
Harder CPU Move
0000000000
0000000007
0000000000
0000000000
0000000000
0000070000
7000000007
0000070000
0000000000
0000070000
Player Move
0000000000
0000000000
0700700000
0055557000
0000000000
0000000000
0000000000
0000000000
0000000000
0000000000
Harder CPU Move
0000000000
0000000007
0000000000
0000000000
0000070000
0000070000
7000000007
0000070000
0000000000
0000070000
Player Move
0000000000
0000000000
0700700000
0555557000
0000000000
0000000000
0000000000
0000000000
0000000000
0000000000
Harder CPU Move
0000000000
0000000007
0000000000
0000000000
0000070000
0000070000
7000000077
0000070000
0000000000
0000070000
Player Move
0000000000
0000000000
0700700000
0555557000
0000000000
0000000000
0000070000
0000000000
0000000000
0000000000
Harder CPU Move
7000000000
0000000007
0000000000
0000000000
0000070000
0000070000
7000000077
0000070000
0000000000
0000070000
Player Move
0000000000
0000000000
0700700000
0555557000
0000000000
0000000000
0000070000
0000000000
0007000000
0000000000
Harder CPU Move
7000000000
0007000007
0000000000
0000000000
0000070000
0000070000
7000000077
0000070000
0000000000
0000070000
Player Move
0000000000
0000000000
0700700000
0555557000
0000000000
0000000000
0000070000
0000000000
0007070000
0000000000
Harder CPU Move
7000000000
0007000007
7000000000
0000000000
0000070000
0000070000
7000000077
0000070000
0000000000
0000070000
Player Move
0000000000
0000000000
0700700000
0555557000
0000000000
0000000000
0000070000
0000000000
0007070700
0000000000
Harder CPU Move
7000000000
0007000007
7000000000
0000000000
0000070000
0000070000
7000000077
0000070000
0000000700
0000070000
Player Move
0000000000
0000000000
0700700000
0555557000
0000000000
0000000400
0000070000
0000000000
0007070700
0000000000
Harder CPU Move
7000000000
0007000007
7000000000
0000500000
0000070000
0000070000
7000000077
0000070000
0000000700
0000070000
Player Move
0000000000
0000000000
0700700000
0555557000
0000000400
0000000400
0000070000
0000000000
0007070700
0000000000
Harder CPU Move
7000000000
0007000007
7000500000
0000500000
0000070000
0000070000
7000000077
0000070000
0000000700
0000070000
Player Move
0000000000
0000000000
0700700000
0555557400
0000000400
0000000400
0000070000
0000000000
0007070700
0000000000
Harder CPU Move
7000000000
0007500007
7000500000
0000500000
0000070000
0000070000
7000000077
0000070000
0000000700
0000070000
Player Move
0000000000
0000000000
0700700700
0555557400
0000000400
0000000400
0000070000
0000000000
0007070700
0000000000
Harder CPU Move
7000500000
0007500007
7000500000
0000500000
0000070000
0000070000
7000000077
0000070000
0000000700
0000070000
Player Move
0000000000
0000000000
0700700700
0555557400
0000000400
0000000400
0000070400
0000000000
0007070700
0000000000
Harder CPU Move
7000500000
0007500007
7000500000
0000500000
0000570000
0000070000
7000000077
0000070000
0000000700
0000070000
Player Move
0000000000
0000000000
0700700700
0555557400
0000000400
0000070400
0000070400
0000000000
0007070700
0000000000
Harder CPU Move
7000500000
0007500007
7000500000
0000500000
0000570000
0600070000
7000000077
0000070000
0000000700
0000070000
Player Move
0000000000
0000000000
0700700700
0555557400
0000000400
0700070400
0000070400
0000000000
0007070700
0000000000
Harder CPU Move
7000500000
0007500007
7000500000
0000500000
0600570000
0600070000
7000000077
0000070000
0000000700
0000070000
Player Move
0000000000
0000000000
0700700700
0555557400
0000000400
0700070400
0000070400
7000000000
0007070700
0000000000
Harder CPU Move
7000500000
0007500007
7000500000
0600500000
0600570000
0600070000
7000000077
0000070000
0000000700
0000070000
Player Move
0000000000
0000000000
0700700700
0555557400
0000000400
0700070400
0000070400
7000000000
0007070700
0070000000
Harder CPU Move
7000500000
0007500007
7600500000
0600500000
0600570000
0600070000
7000000077
0000070000
0000000700
0000070000
Player Move
0000000000
0000000000
0700700700
0555557400
0000000400
0700070400
0000070400
7000000000
0007070707
0070000000
Harder CPU Move
7000500000
0607500007
7600500000
0600500000
0600570000
0600070000
7000000077
0000070000
0000000700
0000070000
Player Move
0000000000
0000000000
0700700700
0555557400
0000000400
0700070407
0000070400
7000000000
0007070707
0070000000
Harder CPU Move
7600500000
0607500007
7600500000
0600500000
0600570000
0600070000
7000000077
0000070000
0000000700
0000070000
Player Move
0000000000
0000000000
0700700700
0555557407
0000000400
0700070407
0000070400
7000000000
0007070707
0070000000
Harder CPU Move
7600500000
0607500007
7600500000
0600500000
0600570000
0600070000
7000000077
0000070000
0007000700
0000070000
Player Move
0000000000
0000000700
0700700700
0555557407
0000000400
0700070407
0000070400
7000000000
0007070707
0070000000
Harder CPU Move
7600500000
0677500007
7600500000
0600500000
0600570000
0600070000
7000000077
0000070000
0007000700
0000070000
Player Move
0000700000
0000000700
0700700700
0555557407
0000000400
0700070407
0000070400
7000000000
0007070707
0070000000
Harder CPU Move
7600500000
0677500007
7600500000
0600500000
0600570000
0600070000
7000000077
0070070000
0007000700
0000070000
Player Move
0000700000
0070000700
0700700700
0555557407
0000000400
0700070407
0000070400
7000000000
0007070707
0070000000
Harder CPU Move
7600500000
0677500007
7600500000
0600500000
0600570000
0600070000
7000000077
0070077000
0007000700
0000070000
Player Move
0700700000
0070000700
0700700700
0555557407
0000000400
0700070407
0000070400
7000000000
0007070707
0070000000
Harder CPU Move
7600500000
0677500007
7600500700
0600500000
0600570000
0600070000
7000000077
0070077000
0007000700
0000070000
Player Move
0700700000
0070000700
0700700700
0555557407
0000000400
0707070407
0000070400
7000000000
0007070707
0070000000
Harder CPU Move
7600500000
0677500007
7600500700
0600500000
0600570000
0600070000
7000000077
0070077000
0007000700
0000070007
Player Move
0700700000
0070000700
0700700700
0555557407
0070000400
0707070407
0000070400
7000000000
0007070707
0070000000
Harder CPU Move
7600500000
0677500007
7600500700
0600500000
0600570000
0600070000
7000070077
0070077000
0007000700
0000070007
Player Move
0700700000
0070000700
0700700700
0555557407
0070070400
0707070407
0000070400
7000000000
0007070707
0070000000
Harder CPU Move
7600500000
0677500007
7600500700
0607500000
0600570000
0600070000
7000070077
0070077000
0007000700
0000070007
Player Move
0700700000
0070000700
6700700700
0555557407
0070070400
0707070407
0000070400
7000000000
0007070707
0070000000
Harder CPU Move
7600500000
0677500007
7600500700
0607500007
0600570000
0600070000
7000070077
0070077000
0007000700
0000070007
Player Move
0700700000
6070000700
6700700700
0555557407
0070070400
0707070407
0000070400
7000000000
0007070707
0070000000
Harder CPU Move
7600500000
0677500007
7600500700
0607500007
0600570000
0600070000
7000070077
0070077007
0007000700
0000070007
Player Move
6700700000
6070000700
6700700700
0555557407
0070070400
0707070407
0000070400
7000000000
0007070707
0070000000
Harder CPU Move
7600500000
0677500007
7600500700
0607500007
0600570000
0600070030
7000070077
0070077007
0007000700
0000070007
Player Move
6700700000
6070000700
6700700700
6555557407
0070070400
0707070407
0000070400
7000000000
0007070707
0070000000
Harder CPU Move
7600500000
0677500007
7600500700
0607500007
0600570030
0600070030
7000070077
0070077007
0007000700
0000070007
Player Move
6700700000
6070000700
6700700700
6555557407
6070070400
0707070407
0000070400
7000000000
0007070707
0070000000
Harder CPU Move
7600500000
0677500007
7600500700
0607500037
0600570030
0600070030
7000070077
0070077007
0007000700
0000070007
Player Move
6700700000
6070000700
6700700700
6555557407
6070070400
6707070407
0000070400
7000000000
0007070707
0070000000
Harder CPU Move
7600500007
0677500007
7600500700
0607500037
0600570030
0600070030
7000070077
0070077007
0007000700
0000070007
Player Move
6700700000
6070000700
6700700700
6555557407
6770070400
6707070407
0000070400
7000000000
0007070707
0070000000
Harder CPU Move
7600500007
0677500007
7600500700
0607500037
0600570030
0670070030
7000070077
0070077007
0007000700
0000070007
Player Move
6700700000
6070000700
6700700700
6555557407
6770070400
6707070407
0000070400
7700000000
0007070707
0070000000
Harder CPU Move
7600500007
0677500007
7600500700
7607500037
0600570030
0670070030
7000070077
0070077007
0007000700
0000070007
Player Move
6700700000
6070000700
6700700700
6555557407
6770070400
6707070407
0000070400
7700000000
0707070707
0070000000
Harder CPU Move
7600500007
0677500007
7600500700
7607500037
0600570030
0670070030
7000070077
0070077007
0007000707
0000070007
Player Move
6700700000
6070000700
6700700700
6555557407
6770070400
6707070407
0000070400
7700000000
0707070707
0770000000
Harder CPU Move
7600500007
0677500007
7600500700
7607500037
0600570030
7670070030
7000070077
0070077007
0007000707
0000070007
Player Move
6700700000
6070000700
6700700700
6555557407
6770070400
6707070407
0700070400
7700000000
0707070707
0770000000
Harder CPU Move
7600500007
0677504007
7600500700
7607500037
0600570030
7670070030
7000070077
0070077007
0007000707
0000070007
Player Move
6700700000
6070000700
6700700700
6555557407
6770070400
6707070407
0707070400
7700000000
0707070707
0770000000
Harder CPU Move
7600507007
0677504007
7600500700
7607500037
0600570030
7670070030
7000070077
0070077007
0007000707
0000070007
Player Move
6700700000
6070000700
6700700700
6555557407
6770070400
6707070407
0707070400
7707000000
0707070707
0770000000
Harder CPU Move
7600507007
0677504007
7600504700
7607500037
0600570030
7670070030
7000070077
0070077007
0007000707
0000070007
Player Move
6700700000
6070000700
6700700700
6555557407
6770070400
6707070407
0707070400
7707070000
0707070707
0770000000
Harder CPU Move
7600507007
0677504007
7600504700
7607504037
0600570030
7670070030
7000070077
0070077007
0007000707
0000070007
Player Move
6700700000
6070000700
6700700700
6555557407
6770070400
6707070407
0707070400
7707070700
0707070707
0770000000
Harder CPU Move
7600507007
0677504007
7600504700
7607504037
0600574030
7670070030
7000070077
0070077007
0007000707
0000070007
Player Move
6700700000
6070000700
6700700700
6555557407
6770070400
6707070407
0707070400
7707070707
0707070707
0770000000
Harder CPU Move
7670507007
0677504007
7600504700
7607504037
0600574030
7670070030
7000070077
0070077007
0007000707
0000070007
Player Move
6700700000
6070000700
6700700700
6555557407
6770070400
6707070477
0707070400
7707070707
0707070707
0770000000
Harder CPU Move
7670507007
0677504007
7600504700
7607574037
0600574030
7670070030
7000070077
0070077007
0007000707
0000070007
Player Move
6700700000
6070000700
6700700700
6555557407
6770070400
6707070477
0707070400
7707070707
0707070777
0770000000
Harder CPU Move
7670507007
0677504007
7600504700
7607574037
0600574030
7670070030
7000070077
0070077007
0007000707
0000070027
Player Move
6700700000
6070000700
6700700700
6555557407
6770070400
6707070477
0707070400
7707070727
0707070777
0770000000
Harder CPU Move
7670507007
0677504007
7600504700
7607574037
0600574030
7670070030
7000070077
0070077007
0007000727
0000070027
